     1000  6.61562237e-09  8.98500277e-21 -5.02303676e-20 -1.25449274e-07  2.73496474e-20  5.02593737e-08  2.44451505e-04  4.02682107e-26  3.44932544e-25  2.44461877e-04 -3.03049277e-24  2.47157872e-04  3.81964324e-34  1.88222754e-24 -5.51782569e-23  3.73562011e-11  4.69384021e-22  2.33539337e-07 
     2000  7.16844679e-09  1.27013515e-20 -1.24345669e-20 -1.40989652e-07  8.42215778e-20  1.96740628e-07  2.44484709e-04  1.21369863e-25  4.80875430e-25  2.44499455e-04 -5.95279737e-23  2.47195653e-04  3.85932866e-34  8.13741507e-25 -5.09657914e-23  3.68285517e-11 -1.66546478e-22  3.56614188e-07 
     3000  7.63404671e-09 -2.16840784e-20 -1.34327944e-21 -1.45621003e-07 -4.10525421e-20  3.17841782e-07  2.44501782e-04  1.48868255e-25  2.88086277e-24  2.44517009e-04  9.08113449e-23  2.47213940e-04  3.89024895e-34 -4.08058942e-26 -1.21556453e-22  3.72824798e-11  6.35318037e-22  4.73194165e-07 
     4000  7.89563102e-09 -1.82763861e-19 -7.53870682e-21 -1.44462297e-07  5.90562368e-20  4.08495231e-07  2.44512636e-04 -9.50730174e-26 -1.10225524e-24  2.44526673e-04  7.48239185e-23  2.47225947e-04  3.80848962e-34  1.92226152e-24  2.39860144e-22  3.81499361e-11  2.97850767e-22  5.65453881e-07 
     5000  7.94770529e-09 -1.92079175e-20  8.97197862e-22 -1.40754518e-07 -4.57214394e-21  4.72923220e-07  2.44520798e-04 -5.61650328e-26 -3.48102234e-25  2.44533300e-04 -2.62187769e-22  2.47235356e-04  3.69135636e-34 -2.39220018e-24 -3.74713336e-23  3.90846821e-11 -6.71112958e-22  6.33319030e-07 
     6000  7.86136331e-09  3.68636790e-20  3.41854556e-20 -1.36343675e-07  5.43554214e-20  5.17324678e-07  2.44527431e-04 -2.90379610e-26  3.47774275e-25  2.44538571e-04 -4.22027778e-22  2.47243159e-04  3.77504822e-34  9.39333103e-25  1.28951899e-22  3.99917416e-11  3.93412591e-22  6.81313743e-07 
     7000  7.71102668e-09 -1.16472168e-19 -1.49799533e-20 -1.32152461e-07  9.32225051e-20  5.47360452e-07  2.44532928e-04  4.60737196e-26 -3.86982645e-25  2.44543006e-04 -2.75205734e-22  2.47249652e-04  3.85897619e-34  2.47645026e-24 -1.29377475e-22  4.08962756e-11  9.48703897e-22  7.14475061e-07 
     8000  7.54853100e-09 -7.24866802e-20  3.38671607e-21 -1.28562714e-07  1.07936072e-20  5.67456649e-07  2.44537475e-04 -5.28510718e-26 -1.23205120e-24  2.44546774e-04 -1.85480445e-22  2.47255003e-04  3.79213293e-34 -2.40829444e-26 -2.42392174e-23  4.18521288e-11  4.63989234e-22  7.37062092e-07 
     9000  7.40262543e-09 -5.94760491e-20 -4.95992604e-22 -1.25663492e-07  8.16244056e-20  5.80823802e-07  2.44541217e-04  2.89306455e-26  1.68404089e-24  2.44549961e-04 -2.35939258e-22  2.47259369e-04  3.80850909e-34  2.15085777e-25 -2.17257313e-22  4.28974698e-11  2.87630699e-22  7.52309841e-07 
    10000  7.28587695e-09  1.11534698e-20  5.52343183e-20 -1.23404784e-07 -4.79084734e-21  5.89696969e-07  2.44544281e-04  5.49711087e-26  5.55870908e-25  2.44552634e-04 -2.81154318e-22  2.47262911e-04  3.77870442e-34  1.95537652e-24 -2.50691657e-22  4.40418043e-11  7.50205852e-22  7.62545476e-07 
    11000  7.20127801e-09  2.66400898e-20  1.02052564e-20 -1.21684911e-07 -1.71126851e-19  5.95594984e-07  2.44546785e-04 -5.27440354e-26 -1.58869456e-24  2.44554865e-04  5.51358044e-23  2.47265777e-04  3.74867778e-34 -3.57560263e-25 -2.00914388e-23  4.52675024e-11 -1.54708942e-22  7.69392486e-07 
    12000  7.14691974e-09 -1.08406847e-20 -1.58535916e-20 -1.20388443e-07  9.14313455e-22  5.99534950e-07  2.44548832e-04 -9.22598484e-27  5.29526087e-25  2.44556722e-04 -1.31175287e-22  2.47268096e-04  3.88102188e-34  1.55987275e-24  2.96980810e-22  4.65395126e-11  2.68308469e-22  7.73962927e-07 
    13000  7.11883089e-09 -1.17714371e-20 -1.39189731e-20 -1.19417604e-07  2.75384970e-20  6.02191749e-07  2.44550506e-04 -6.52783928e-26 -1.14538094e-24  2.44558264e-04 -1.35257580e-22  2.47269977e-04  3.74451301e-34 -1.15813725e-25  2.42306428e-23  4.78168085e-11  3.24834686e-22  7.77009966e-07 
    14000  7.11253238e-09 -7.58946499e-20  4.81829368e-21 -1.18679384e-07  3.62276748e-21  6.04010527e-07  2.44551883e-04 -1.41543076e-26  1.02653735e-24  2.44559549e-04  3.70794149e-22  2.47271509e-04  3.77073259e-34 -5.80842360e-25  2.00331767e-22  4.90599175e-11  2.26457777e-23  7.79040139e-07 
    15000  7.12381568e-09 -3.09618356e-22 -9.34532664e-21 -1.18108383e-07  5.82741588e-20  6.05283799e-07  2.44553018e-04 -3.22983227e-26 -8.41229225e-25  2.44560621e-04 -3.81929679e-23  2.47272763e-04  3.71053845e-34  1.79309353e-25  3.00541369e-22  5.02377371e-11  4.18558076e-22  7.80392595e-07 
    16000  7.14904792e-09 -2.16936677e-21  3.18247377e-20 -1.17655371e-07  1.22878635e-19  6.06203225e-07  2.44553960e-04  2.21338479e-26  3.19635926e-25  2.44561519e-04  4.09616714e-22  2.47273794e-04  3.75695918e-34 -1.12282474e-24 -9.54139041e-23  5.13291114e-11 -1.44411726e-22  7.81293775e-07 
    17000  7.18522208e-09  8.61169698e-20 -1.05015716e-20 -1.17276158e-07  5.16551447e-20  6.06894065e-07  2.44554747e-04  2.92047343e-26  7.25017431e-25  2.44562275e-04  3.44559012e-22  2.47274648e-04  3.73179963e-34  3.96822490e-25  3.57911448e-23  5.23224223e-11  1.06458461e-22  7.81894645e-07 
    18000  7.22991881e-09 -2.75687738e-20  7.88789034e-21 -1.16945893e-07 -7.46645993e-20  6.07437942e-07  2.44555407e-04 -2.26121153e-26 -6.56310943e-26  2.44562914e-04  2.53362947e-22  2.47275360e-04  3.69871840e-34  1.09495996e-24  1.67520624e-22  5.32150365e-11  1.45065465e-22  7.82295703e-07 
    19000  7.28127918e-09  2.13735293e-20 -2.53052538e-20 -1.16649502e-07  1.13507274e-19  6.07888094e-07  2.44555968e-04  8.38099411e-26  1.73835972e-24  2.44563460e-04  4.09263740e-22  2.47275961e-04  3.85165363e-34 -8.65817366e-25  1.12063323e-22  5.40097807e-11  2.27307157e-22  7.82563819e-07 
    20000  7.33786650e-09 -1.18642649e-19 -2.04651675e-20 -1.16364162e-07 -5.64364125e-20  6.08279136e-07  2.44556447e-04 -8.99476078e-26 -1.66369259e-24  2.44563929e-04  1.51144830e-22  2.47276472e-04  3.94291941e-34  5.34025667e-26  3.37819823e-22  5.47140609e-11  3.88416503e-22  7.82743492e-07 
    21000  7.39857200e-09  5.11116931e-20 -7.88270412e-21 -1.16086840e-07 -4.74393785e-20  6.08633402e-07  2.44556863e-04  1.28414068e-26  9.24957247e-26  2.44564337e-04  5.23095463e-23  2.47276912e-04  3.80215921e-34 -8.10850257e-25 -1.61470033e-22  5.53375252e-11 -3.31181352e-22  7.82864282e-07 
    22000  7.46259475e-09  4.83240368e-20  1.99787403e-20 -1.15811855e-07  1.05918398e-19  6.08965488e-07  2.44557228e-04 -1.02194473e-25 -1.64630737e-24  2.44564696e-04 -1.31425239e-22  2.47277294e-04  3.75473867e-34 -4.70076492e-25 -1.82516699e-22  5.58905587e-11  3.77231773e-23  7.82945875e-07 
    23000  7.52925362e-09  4.64667475e-20 -2.68916692e-20 -1.15526631e-07 -2.50885676e-20  6.09284534e-07  2.44557550e-04 -8.87186406e-26 -9.07743540e-25  2.44565015e-04 -3.15703292e-22  2.47277630e-04  3.92028563e-34  1.09673825e-24 -2.93151812e-22  5.63845660e-11  2.11748910e-22  7.83001369e-07 
    24000  7.59805845e-09  6.25753514e-20 -1.43187109e-20 -1.15241519e-07 -5.86829972e-20  6.09596398e-07  2.44557841e-04 -9.18009540e-27 -1.46387402e-25  2.44565303e-04 -1.68896530e-22  2.47277932e-04  3.86177081e-34  1.63032459e-24 -8.07294587e-23  5.68299209e-11  3.31100846e-22  7.83039457e-07 
    25000  7.66863632e-09 -3.34561119e-20 -6.03971246e-21 -1.14945465e-07  9.83037763e-20  6.09904862e-07  2.44558106e-04 -2.38222382e-26 -7.96320053e-25  2.44565566e-04 -1.66649934e-22  2.47278205e-04  3.79236315e-34 -8.52386684e-25 -1.79717441e-22  5.72370990e-11  3.34548662e-22  7.83065960e-07 
    26000  7.74066629e-09  8.05421572e-20 -1.09852967e-20 -1.14638420e-07 -4.28367565e-20  6.10212086e-07  2.44558351e-04 -4.66861645e-26 -2.00653012e-24  2.44565810e-04 -3.90870673e-22  2.47278457e-04  3.81755798e-34  1.66175006e-24  1.94246540e-22  5.76159354e-11 -1.05586093e-22  7.83084698e-07 
    27000  7.81397530e-09  9.54099008e-20  2.16069681e-20 -1.14326496e-07 -1.04273518e-19  6.10519662e-07  2.44558582e-04 -6.83145306e-27  8.13472505e-25  2.44566041e-04 -4.28943175e-22  2.47278693e-04  3.81547245e-34  1.27847129e-25 -8.99212209e-23  5.79750494e-11  6.94329844e-22  7.83098238e-07 
    28000  7.88834310e-09  5.01842525e-20 -2.43150239e-20 -1.13997876e-07 -2.62709222e-20  6.10828297e-07  2.44558801e-04  8.16629595e-27  1.93219555e-24  2.44566260e-04  1.31726438e-22  2.47278915e-04  3.75432812e-34  1.37728372e-24 -1.78271441e-22  5.83230263e-11  3.42212838e-22  7.83108301e-07 
    29000  7.96361163e-09 -9.57194901e-20  1.19431806e-20 -1.13666027e-07  4.97913287e-20  6.11138324e-07  2.44559014e-04 -6.48811396e-27 -2.02346381e-24  2.44566472e-04  4.02494758e-22  2.47279129e-04  3.77687665e-34  8.52629375e-26 -1.60917553e-22  5.86663496e-11  4.97745771e-22  7.83116010e-07 
    30000  8.03966241e-09 -5.26601296e-20  4.53024899e-20 -1.13320705e-07  2.01415580e-20  6.11450016e-07  2.44559220e-04 -4.97209451e-26 -1.79970039e-24  2.44566679e-04  6.33319282e-22  2.47279335e-04  3.81233883e-34  1.30527745e-24 -2.73001561e-22  5.90104141e-11  1.10295023e-22  7.83122164e-07 
    31000  8.11632783e-09  7.43446133e-20  3.24132312e-20 -1.12964691e-07  9.54891044e-20  6.11763146e-07  2.44559422e-04 -1.28155146e-27 -2.71291389e-25  2.44566882e-04  3.68578055e-22  2.47279538e-04  3.70706320e-34 -7.91616782e-25  2.29761101e-22  5.93581222e-11  6.47248133e-22  7.83127259e-07 
    32000  8.19359081e-09 -3.15966573e-20  9.40313734e-22 -1.12604314e-07 -3.22929030e-20  6.12077927e-07  2.44559624e-04  4.74824305e-26 -5.41481736e-25  2.44567084e-04  1.72644252e-22  2.47279740e-04  3.88679365e-34  1.07072839e-25  1.28305171e-23  5.97087520e-11 -4.96739433e-22  7.83131630e-07 
    33000  8.27133984e-09 -5.14247352e-20  2.08231823e-20 -1.12228118e-07  4.01626848e-20  6.12394158e-07  2.44559826e-04 -9.40272506e-27  8.03820661e-27  2.44567287e-04  1.23021206e-22  2.47279941e-04  3.81452062e-34 -3.00415981e-24  7.98642209e-23  6.00589022e-11  5.00601209e-23  7.83135484e-07 
    34000  8.34954192e-09 -2.47696973e-21  7.15169741e-22 -1.11851590e-07  1.12662346e-20  6.12711740e-07  2.44560030e-04  2.38618135e-26 -9.18592377e-25  2.44567493e-04  9.41070423e-23  2.47280144e-04  3.74048159e-34  1.40777491e-24  1.11563249e-22  6.04005359e-11 -7.02696621e-23  7.83138935e-07 
    35000  8.42814243e-09  8.45669833e-20 -1.23115609e-20 -1.11461882e-07 -3.60669024e-21  6.13030629e-07  2.44560237e-04 -6.40602091e-26  3.90848279e-25  2.44567701e-04  2.32965766e-22  2.47280347e-04  3.77430621e-34 -9.17175356e-25 -2.68859421e-22  6.07233722e-11  1.03496440e-21  7.83142107e-07 
    36000  8.50699945e-09  9.91237896e-21 -6.93420542e-22 -1.11064253e-07  2.35053061e-20  6.13350278e-07  2.44560446e-04 -4.43611768e-26 -1.21657685e-24  2.44567911e-04  1.81329509e-22  2.47280554e-04  3.72388948e-34 -3.81053196e-25  2.75211540e-22  6.10156580e-11  4.87632241e-22  7.83145049e-07 
    37000  8.58615422e-09  7.93027062e-20  3.63068057e-20 -1.10662122e-07  2.08116499e-20  6.13670881e-07  2.44560660e-04  1.07809417e-26 -1.55067222e-24  2.44568127e-04  5.27940095e-23  2.47280766e-04  3.86061168e-34  1.23854502e-24  7.40552477e-23  6.12660462e-11  7.46483501e-22  7.83147815e-07 
    38000  8.66548943e-09  2.44716521e-20  5.21774034e-20 -1.10246414e-07  1.40864793e-20  6.13992074e-07  2.44560878e-04 -2.20498239e-26 -2.22280967e-24  2.44568347e-04 -1.02122693e-22  2.47280981e-04  3.78630884e-34 -3.96408148e-25  1.58315656e-22  6.14676681e-11  2.06069027e-22  7.83150437e-07 
    39000  8.74502428e-09  1.68517339e-19 -7.93416711e-21 -1.09832717e-07  1.29142752e-19  6.14313834e-07  2.44561103e-04  1.73177830e-26  2.53301213e-25  2.44568573e-04 -1.55352919e-22  2.47281203e-04  3.74247815e-34  1.56805160e-24  1.39890538e-22  6.16183752e-11  7.61958633e-22  7.83152899e-07 
    40000  8.82477708e-09 -1.14304740e-19 -4.25592326e-21 -1.09408604e-07  3.29472939e-20  6.14636349e-07  2.44561334e-04 -6.02866155e-26 -1.22251492e-24  2.44568806e-04 -1.06961787e-22  2.47281430e-04  3.77387186e-34  1.33751783e-24  9.43663357e-23  6.17230134e-11 -5.59906976e-22  7.83155234e-07 
    41000  8.90461191e-09 -1.16165984e-19  2.20317938e-20 -1.08979645e-07 -7.86102918e-20  6.14959045e-07  2.44561570e-04 -8.62445751e-26 -2.03828477e-25  2.44569044e-04 -3.20786466e-24  2.47281663e-04  3.70392461e-34 -1.70937872e-24 -3.17092670e-22  6.17918010e-11 -4.41939558e-22  7.83157448e-07 
    42000  8.98459627e-09 -6.16446407e-20 -2.38532072e-20 -1.08548073e-07  7.31340536e-20  6.15282209e-07  2.44561814e-04  3.50109702e-26  2.49768250e-25  2.44569290e-04  1.80829335e-22  2.47281902e-04  3.72594083e-34 -3.34419383e-27 -8.85999425e-25  6.18369694e-11  4.93388227e-22  7.83159591e-07 
    43000  9.06459122e-09  2.57116389e-20  1.56859961e-21 -1.08104938e-07  9.00431379e-20  6.15605406e-07  2.44562063e-04 -8.52023876e-26 -1.65896063e-24  2.44569541e-04  1.31010238e-22  2.47282148e-04  3.72217300e-34  6.51936276e-25  2.30292537e-23  6.18702120e-11  7.06474065e-22  7.83161698e-07 
    44000  9.14463693e-09 -8.67357670e-20  1.18453413e-20 -1.07663680e-07  1.75531659e-19  6.15928672e-07  2.44562319e-04 -1.20049108e-27  3.95622277e-25  2.44569800e-04  1.94699142e-22  2.47282401e-04  3.71454985e-34  4.74611710e-25 -2.75063419e-22  6.18978255e-11  6.62214772e-22  7.83163761e-07 
    45000  9.22476167e-09  3.37658497e-20 -6.10210820e-21 -1.07213261e-07 -8.51440733e-20  6.16252257e-07  2.44562584e-04  1.12064922e-25  1.01733091e-24  2.44570067e-04  2.61690933e-22  2.47282661e-04  3.70426807e-34  8.12340508e-25 -2.52512475e-22  6.19201545e-11  5.59272895e-22  7.83165803e-07 
    46000  9.30487623e-09  5.17325675e-20  2.07156732e-20 -1.06759637e-07 -5.93926142e-20  6.16575723e-07  2.44562856e-04 -2.27415936e-26 -7.41826519e-25  2.44570341e-04 -1.00522616e-22  2.47282929e-04  3.78672625e-34  7.41187437e-25 -4.55631136e-23  6.19314031e-11 -1.50523093e-22  7.83167778e-07 
    47000  9.38509030e-09 -1.82760866e-20  9.90662752e-21 -1.06304201e-07  5.66008339e-21  6.16899477e-07  2.44563136e-04  8.85997665e-27 -1.16478375e-26  2.44570623e-04 -2.26186356e-22  2.47283204e-04  3.88598410e-34  5.41745286e-25 -7.09107073e-24  6.19211961e-11 -3.04533502e-22  7.83169691e-07 
    48000  9.46523524e-09  2.13762999e-20 -4.28053611e-20 -1.05837946e-07 -3.54148698e-20  6.17222955e-07  2.44563422e-04 -9.37347544e-27 -4.41043552e-25  2.44570911e-04 -2.88775015e-22  2.47283486e-04  3.75020619e-34  2.36653727e-24 -6.62880564e-23  6.18791528e-11  1.19342745e-22  7.83171555e-07 
    49000  9.54534142e-09  4.52257206e-20  2.38459368e-20 -1.05375112e-07 -5.92206047e-20  6.17546125e-07  2.44563716e-04  4.72966538e-26  1.29966600e-24  2.44571208e-04 -1.98436135e-22  2.47283777e-04  3.83100753e-34 -1.16505387e-24 -7.59617682e-24  6.17964332e-11 -8.47704288e-22  7.83173351e-07 
    50000  9.62545197e-09 -7.18667793e-20 -2.28001246e-20 -1.04904781e-07  4.29409277e-20  6.17869318e-07  2.44564018e-04  4.27058797e-26  1.29383171e-24  2.44571512e-04  6.21389166e-23  2.47284075e-04  3.73447920e-34  3.92200366e-25  1.43508269e-22  6.16689327e-11  8.94705477e-23  7.83175108e-07 
    51000  9.70545525e-09  5.54498568e-20  1.68084302e-20 -1.04431301e-07 -1.25514010e-19  6.18192015e-07  2.44564327e-04 -3.52380843e-26  1.43988906e-25  2.44571824e-04  1.92420878e-22  2.47284381e-04  3.75645982e-34  7.70001555e-25 -2.67204650e-22  6.14979139e-11 -5.10577646e-22  7.83176798e-07 
    52000  9.78554486e-09 -6.81496028e-20 -8.14227229e-21 -1.03958222e-07 -3.64855346e-20  6.18514953e-07  2.44564646e-04  1.15149117e-25 -1.77131226e-25  2.44572145e-04  1.67992345e-22  2.47284694e-04  3.79645471e-34  2.89398120e-25 -1.02898849e-22  6.12888512e-11 -2.59689681e-22  7.83178423e-07 
    53000  9.86555157e-09  2.78658780e-21 -1.06973479e-20 -1.03475575e-07  1.73539278e-20  6.18837588e-07  2.44564971e-04 -8.51010061e-28  2.83164852e-24  2.44572473e-04 -1.27502418e-22  2.47285015e-04  3.67896265e-34 -1.58741735e-24 -1.92614555e-22  6.10512559e-11  2.13430372e-23  7.83180003e-07 
    54000  9.94547919e-09  9.44814728e-20  1.90900827e-20 -1.02998015e-07  9.44788994e-21  6.19159778e-07  2.44565304e-04  5.56859337e-26  1.32900796e-24  2.44572808e-04  8.28756624e-23  2.47285344e-04  3.73854287e-34  1.16411841e-24  2.26318994e-22  6.07956462e-11 -5.63267886e-22  7.83181545e-07 
    55000  1.00253684e-08  1.94536789e-19  4.68045521e-20 -1.02513679e-07 -1.97836267e-20  6.19481878e-07  2.44565645e-04  1.45644172e-26 -4.95805958e-25  2.44573151e-04  2.27651510e-22  2.47285680e-04  3.74746181e-34 -6.71514748e-26  3.38014508e-23  6.05328808e-11  2.80187948e-22  7.83183103e-07 
    56000  1.01050874e-08 -1.09041614e-19  1.13246484e-20 -1.02026150e-07  2.74422226e-20  6.19803304e-07  2.44565993e-04 -5.91953090e-26 -1.81720697e-24  2.44573501e-04  3.22175770e-22  2.47286025e-04  3.73332637e-34 -2.16184760e-24  2.01663723e-22  6.02727573e-11  5.02116458e-23  7.83184671e-07 
    57000  1.01848492e-08 -2.29217776e-20 -7.92479039e-21 -1.01540985e-07  9.47265810e-21  6.20124868e-07  2.44566350e-04  2.75547502e-26  1.55951101e-25  2.44573860e-04  3.47602361e-22  2.47286378e-04  3.74247440e-34  1.57977751e-24  1.50830042e-22  6.00226647e-11 -3.23536998e-22  7.83186255e-07 
    58000  1.02645422e-08  2.75717014e-20  9.97679440e-21 -1.01047640e-07 -1.27666583e-20  6.20446261e-07  2.44566713e-04  2.06281026e-26  2.38291201e-24  2.44574226e-04  1.50155172e-22  2.47286737e-04  3.78354384e-34  2.32051554e-24  7.47702885e-23  5.97886350e-11  1.59867274e-22  7.83187857e-07 
    59000  1.03441665e-08 -5.08053313e-20  1.66067827e-20 -1.00560130e-07 -6.68255110e-20  6.20767285e-07  2.44567085e-04 -1.70225954e-25 -1.03030240e-24  2.44574599e-04  6.15123619e-22  2.47287105e-04  3.72705883e-34 -3.16770175e-24  2.20341398e-22  5.95740769e-11  8.28064197e-22  7.83189461e-07 
    60000  1.04237530e-08 -6.19839689e-22  3.67647383e-20 -1.00067211e-07  2.43670644e-20  6.21088258e-07  2.44567464e-04  6.55697236e-26  1.91611265e-24  2.44574980e-04  2.98035735e-22  2.47287479e-04  3.76766431e-34 -3.44855774e-25 -1.14491529e-22  5.93809552e-11 -2.89171100e-22  7.83191118e-07 
    61000  1.05031216e-08 -4.39858340e-20  2.75721892e-20 -9.95714107e-08 -5.36059107e-20  6.21408408e-07  2.44567849e-04  3.44617900e-26 -5.60814500e-25  2.44575368e-04  1.24015096e-22  2.47287861e-04  3.68059839e-34  2.09648673e-24  3.64290343e-22  5.92100242e-11 -6.24528876e-22  7.83192818e-07 
    62000  1.05825051e-08  3.90323921e-20 -3.10109502e-20 -9.90785962e-08  1.19431015e-20  6.21728602e-07  2.44568243e-04 -9.01214896e-26 -3.34768930e-24  2.44575764e-04  6.97221815e-23  2.47288251e-04  3.86570060e-34  1.29957711e-24 -3.93695371e-23  5.90604763e-11 -4.27714397e-22  7.83194569e-07 
    63000  1.06617889e-08  1.01913441e-19  1.94191081e-20 -9.85792725e-08 -5.89313026e-20  6.22048549e-07  2.44568643e-04  4.40422956e-26 -1.50998184e-25  2.44576166e-04 -2.24220842e-22  2.47288648e-04  3.73265836e-34 -1.82359250e-24  2.48781240e-22  5.89315385e-11  3.32012019e-22  7.83196370e-07 
    64000  1.07410386e-08 -5.57589772e-20  8.16418257e-21 -9.80864859e-08 -6.41179992e-21  6.22368269e-07  2.44569051e-04 -8.91187460e-26 -2.47640444e-24  2.44576576e-04 -4.96397934e-22  2.47289053e-04  3.70870530e-34 -9.73756895e-27 -2.32939893e-22  5.88215922e-11  2.54688341e-22  7.83198175e-07 
    65000  1.08203009e-08  7.18660691e-20  1.39469316e-20 -9.75897416e-08  1.45003406e-20  6.22688138e-07  2.44569467e-04  5.92886863e-27  1.24734390e-24  2.44576994e-04 -5.56983936e-22  2.47289464e-04  3.72744136e-34 -1.22070269e-24  8.38761713e-24  5.87291202e-11 -1.36808468e-22  7.83200021e-07 
    66000  1.08993342e-08 -7.43514186e-21  1.37595369e-20 -9.70903825e-08  7.83669274e-20  6.23007142e-07  2.44569888e-04  2.65896598e-26 -5.01302330e-25  2.44577417e-04 -7.48805034e-22  2.47289882e-04  3.78301999e-34 -7.14788181e-25 -2.10239502e-22  5.86528460e-11  3.63672904e-22  7.83201904e-07 
    67000  1.09783649e-08 -8.95236987e-20 -1.67512735e-20 -9.65951838e-08 -1.28179656e-20  6.23326105e-07  2.44570317e-04  1.59084867e-26 -2.92528340e-25  2.44577847e-04 -8.03009365e-22  2.47290307e-04  3.60310553e-34  4.94173456e-25 -2.75133311e-23  5.85909806e-11 -4.09437958e-22  7.83203834e-07 
    68000  1.10572609e-08 -8.51896991e-20  3.56482869e-20 -9.60934825e-08  2.42586707e-21  6.23644699e-07  2.44570752e-04  1.62795017e-26  6.62657788e-25  2.44578284e-04 -9.29070791e-22  2.47290740e-04  3.86011577e-34 -2.78308860e-24  2.85847617e-23  5.85425860e-11  2.47349771e-22  7.83205823e-07 
    69000  1.11361071e-08 -3.99619954e-20  5.34857565e-20 -9.55995582e-08 -5.53871441e-20  6.23963014e-07  2.44571195e-04 -2.99325930e-26 -1.01057349e-24  2.44578729e-04 -1.02832353e-21  2.47291179e-04  3.81884554e-34 -1.63450669e-24 -1.22275999e-22  5.85063011e-11  4.49169868e-23  7.83207824e-07 
    70000  1.12150418e-08 -6.38123857e-20  3.71930216e-20 -9.51031350e-08  3.30525617e-21  6.24281774e-07  2.44571645e-04 -3.32680575e-26 -2.43535317e-24  2.44579180e-04 -6.89485977e-22  2.47291625e-04  3.81418890e-34  7.65805727e-25  2.37716855e-23  5.84812054e-11 -2.60244913e-22  7.83209851e-07 
    71000  1.12937853e-08 -3.06659725e-20  3.41880159e-20 -9.46043559e-08 -9.23272215e-21  6.24599817e-07  2.44572100e-04 -1.15543442e-25 -1.14812453e-24  2.44579637e-04 -6.78273381e-22  2.47292077e-04  3.73618766e-34  1.70374943e-24 -2.29461874e-22  5.84667236e-11  6.88843798e-22  7.83211894e-07 
    72000  1.13725415e-08 -3.19055118e-20 -5.52412681e-21 -9.41108673e-08  1.56457699e-20  6.24917853e-07  2.44572562e-04  1.03222287e-26  4.91604133e-25  2.44580101e-04 -6.32645045e-22  2.47292536e-04  3.81915432e-34  1.17748789e-24  6.03984277e-23  5.84616715e-11  5.63164270e-22  7.83213971e-07 
    73000  1.14511459e-08 -5.54476882e-20  3.54676336e-21 -9.36113913e-08 -9.25416204e-20  6.25235459e-07  2.44573030e-04  3.16844084e-26  1.94613710e-25  2.44580570e-04 -4.73284683e-22  2.47293001e-04  3.78105190e-34  1.76010274e-24  1.62482621e-22  5.84655416e-11 -6.54090459e-22  7.83216102e-07 
    74000  1.15296422e-08 -4.64642948e-20  3.40440193e-20 -9.31192603e-08  1.58939304e-20  6.25552557e-07  2.44573504e-04  2.11207897e-26  1.11493951e-24  2.44581046e-04  1.48794674e-23  2.47293473e-04  3.78278091e-34  1.76470901e-24 -3.60571328e-23  5.84771400e-11 -8.28375861e-22  7.83218257e-07 
    75000  1.16082667e-08  1.11519842e-20  1.09689387e-20 -9.26268516e-08  1.51957270e-20  6.25870270e-07  2.44573986e-04  9.54275063e-26  8.26223211e-25  2.44581529e-04  9.96532898e-23  2.47293951e-04  3.74167305e-34  2.22178526e-25  1.48069839e-22  5.84953450e-11  7.92189881e-23  7.83220443e-07 
    76000  1.16867610e-08 -1.96085114e-19 -1.42283813e-20 -9.21322598e-08  3.37148356e-20  6.26187517e-07  2.44574472e-04 -6.39020304e-27 -1.30839379e-24  2.44582017e-04 -2.39905328e-22  2.47294435e-04  3.87918888e-34  6.91677673e-25  2.46551840e-23  5.85193278e-11 -1.59434470e-22  7.83222635e-07 
    77000  1.17653319e-08 -1.23796040e-21 -1.23174647e-20 -9.16440720e-08 -7.43965613e-20  6.26504987e-07  2.44574966e-04 -2.43864233e-26 -1.62661270e-24  2.44582512e-04  2.37532405e-22  2.47294925e-04  3.77900918e-34  1.31576369e-24  8.56534320e-23  5.85475638e-11 -3.09596298e-22  7.83224844e-07 
    78000  1.18437676e-08  1.23905038e-20  3.58716438e-20 -9.11506324e-08 -4.38660150e-20  6.26822096e-07  2.44575464e-04  7.56364367e-26  2.83860796e-24  2.44583011e-04  2.41956227e-22  2.47295421e-04  3.83569397e-34 -4.41200312e-25 -4.33633679e-22  5.85793826e-11 -5.44015641e-24  7.83227100e-07 
    79000  1.19220617e-08 -3.06649659e-20 -1.29572692e-20 -9.06639119e-08 -1.00156163e-20  6.27138559e-07  2.44575967e-04 -8.83437950e-26 -2.66824162e-24  2.44583516e-04  2.07708926e-22  2.47295923e-04  3.67014593e-34  2.87816931e-24  6.20163020e-23  5.86138132e-11  6.81153200e-22  7.83229384e-07 
    80000  1.20004419e-08  2.47808124e-20  2.47273029e-20 -9.01782303e-08 -4.46249351e-20  6.27455482e-07  2.44576478e-04 -1.39656703e-26  1.04387249e-24  2.44584027e-04  4.72900307e-22  2.47296430e-04  3.79800905e-34 -1.11010636e-24  2.97862870e-22  5.86501978e-11 -3.10876021e-22  7.83231717e-07 
    81000  1.20787339e-08  6.90803381e-20  3.55575265e-20 -8.96910946e-08  2.41511530e-22  6.27772130e-07  2.44576993e-04  3.72934917e-26  3.88214825e-25  2.44584544e-04  3.88656696e-23  2.47296944e-04  3.91258557e-34  1.36627266e-24 -7.73023878e-23  5.86885935e-11  6.38098164e-22  7.83234063e-07 
    82000  1.21571867e-08 -1.33209081e-20 -1.88468143e-20 -8.92113497e-08 -1.83573342e-20  6.28089317e-07  2.44577515e-04  5.55628513e-26  3.41783043e-25  2.44585067e-04  1.32499211e-22  2.47297463e-04  3.77474603e-34 -8.28280832e-25 -3.03906609e-22  5.87285346e-11  3.02748503e-22  7.83236413e-07 
    83000  1.22355735e-08  3.87205101e-20  8.16295022e-21 -8.87271442e-08  3.34699271e-20  6.28406421e-07  2.44578041e-04 -6.46802741e-26 -4.91188503e-25  2.44585594e-04 -1.37665518e-23  2.47297986e-04  3.96207981e-34 -1.16212154e-24 -2.34377633e-22  5.87703056e-11  3.66847224e-22  7.83238796e-07 
    84000  1.23138183e-08  5.01818695e-20  8.29576412e-21 -8.82494707e-08 -8.69330018e-20  6.28722864e-07  2.44578572e-04 -7.66400776e-27 -8.93469186e-26  2.44586126e-04 -2.22041754e-22  2.47298515e-04  3.76846035e-34 -1.40289696e-24 -7.94280791e-23  5.88136509e-11  6.73054781e-22  7.83241198e-07 
    85000  1.23921364e-08  3.40601974e-21 -9.95722025e-21 -8.77733357e-08 -1.60558435e-20  6.29039707e-07  2.44579109e-04  1.14208282e-27 -7.40360008e-25  2.44586664e-04 -3.40092092e-22  2.47299050e-04  3.76609651e-34 -1.71826708e-24 -5.19337852e-23  5.88581132e-11 -1.67491094e-23  7.83243652e-07 
    86000  1.24702948e-08  6.69103986e-20  1.47663197e-20 -8.72961218e-08 -7.26636793e-20  6.29356021e-07  2.44579650e-04  8.70736323e-26  1.69241155e-24  2.44587206e-04 -3.90204479e-22  2.47299589e-04  3.75363292e-34 -4.24726063e-25  2.41538975e-22  5.89034304e-11  7.61384926e-22  7.83246138e-07 
    87000  1.25486905e-08 -8.33271971e-20 -2.33187915e-20 -8.68276803e-08 -2.83406006e-20  6.29673169e-07  2.44580197e-04  3.31552381e-26 -1.40219008e-24  2.44587754e-04 -3.71796572e-22  2.47300135e-04  3.85810919e-34  1.73152501e-24  2.61198326e-22  5.89484988e-11  1.08926864e-21  7.83248630e-07 
    88000  1.26271128e-08 -9.91356704e-21 -3.52324060e-20 -8.63555259e-08  5.70694498e-20  6.29990610e-07  2.44580749e-04 -2.08332291e-26 -4.59074679e-25  2.44588307e-04 -7.78177025e-23  2.47300684e-04  3.83040751e-34 -1.00503735e-24  9.52089170e-23  5.89928187e-11  4.31103648e-22  7.83251144e-07 
    89000  1.27054461e-08 -1.05631719e-19 -3.43946835e-20 -8.58897637e-08  1.76396880e-20  6.30307591e-07  2.44581305e-04 -1.68440056e-26  1.62044520e-24  2.44588863e-04 -2.26608745e-22  2.47301238e-04  3.81317906e-34  6.41890443e-25 -3.73051082e-22  5.90355272e-11  5.21234245e-22  7.83253665e-07 
    90000  1.27838788e-08 -5.26802127e-21 -3.22345227e-20 -8.54266472e-08  3.82297355e-20  6.30625062e-07  2.44581866e-04  7.62403339e-27 -3.81041864e-25  2.44589425e-04 -3.34447327e-22  2.47301797e-04  3.77128106e-34 -2.21250633e-24 -3.82668537e-22  5.90757838e-11 -5.86531901e-22  7.83256233e-07 
    91000  1.28621010e-08 -3.65548099e-20  2.63198989e-20 -8.49616509e-08  6.82843740e-20  6.30941813e-07  2.44582430e-04  6.68519394e-26  1.29281393e-24  2.44589990e-04 -3.30547246e-22  2.47302360e-04  3.75776641e-34 -1.99273314e-24 -1.25128140e-23  5.91133876e-11  1.53239721e-22  7.83258841e-07 
    92000  1.29405036e-08 -5.48297278e-20 -1.61060436e-20 -8.45068652e-08  1.18749141e-19  6.31259174e-07  2.44583001e-04  5.82214900e-26  1.24894029e-24  2.44590561e-04 -1.69052966e-22  2.47302929e-04  3.74978326e-34 -8.76429279e-26  2.45345929e-24  5.91475062e-11  6.63439445e-22  7.83261477e-07 
    93000  1.30190269e-08 -6.50505960e-20  1.39656826e-20 -8.40494539e-08  1.25951467e-20  6.31577219e-07  2.44583575e-04 -6.12434445e-26  5.53792458e-25  2.44591136e-04 -1.35637187e-22  2.47303501e-04  3.79414672e-34  1.79013034e-24  3.02638015e-23  5.91782167e-11 -8.01951101e-23  7.83264136e-07 
    94000  1.30975395e-08 -1.61700274e-19 -2.17651212e-20 -8.35982490e-08  1.26295077e-19  6.31895108e-07  2.44584153e-04  8.26757474e-26  8.82548935e-25  2.44591715e-04 -4.56757602e-22  2.47304078e-04  3.80421662e-34  8.58697089e-25 -9.45907097e-23  5.92054130e-11  1.00529375e-21  7.83266791e-07 
    95000  1.31762345e-08 -4.64664344e-20 -5.10878651e-20 -8.31508607e-08  8.39659223e-20  6.32213800e-07  2.44584737e-04  1.58715703e-26 -6.24026039e-25  2.44592299e-04 -2.82801541e-22  2.47304659e-04  3.73427196e-34 -7.31522473e-25 -3.32790467e-22  5.92289795e-11  6.59666251e-22  7.83269478e-07 
    96000  1.32547167e-08 -4.67770501e-20  1.55107135e-20 -8.27015231e-08  2.44386274e-20  6.32531763e-07  2.44585322e-04  7.82922087e-26 -7.61961002e-26  2.44592885e-04  2.04184780e-22  2.47305243e-04  3.81027723e-34 -1.71574596e-24  2.57962563e-23  5.92494371e-11 -2.45684889e-22  7.83272200e-07 
    97000  1.33333249e-08 -4.64662619e-20  2.45338705e-20 -8.22620634e-08  9.70121204e-21  6.32850094e-07  2.44585913e-04 -1.82715159e-26  9.01588853e-26  2.44593477e-04  2.15048801e-22  2.47305833e-04  3.79543271e-34 -5.30208145e-25 -2.89209031e-22  5.92665839e-11  4.31186477e-22  7.83274956e-07 
    98000  1.34120132e-08 -6.04048106e-20 -2.79527302e-21 -8.18215431e-08 -1.60437179e-20  6.33168973e-07  2.44586507e-04 -4.53583711e-26 -1.68036758e-24  2.44594072e-04 -2.41856377e-22  2.47306426e-04  3.71416564e-34  8.62221685e-25  3.52855380e-22  5.92808014e-11  6.13490021e-22  7.83277752e-07 
    99000  1.34907712e-08  1.28244689e-19 -9.72402552e-21 -8.13872802e-08 -3.73005454e-20  6.33488014e-07  2.44587106e-04 -2.13109844e-27  4.04437537e-25  2.44594670e-04 -1.74795454e-22  2.47307023e-04  3.86199803e-34 -1.09547838e-24 -1.41273997e-22  5.92923009e-11  6.35429546e-22  7.83280541e-07 
   100000  1.35698247e-08 -2.44711132e-20  1.54420469e-20 -8.09578514e-08  9.47311817e-21  6.33808289e-07  2.44587709e-04  1.45939375e-26 -6.65884400e-25  2.44595274e-04 -5.40175393e-22  2.47307624e-04  3.73768005e-34  1.02512673e-24 -5.43148033e-23  5.93010433e-11  2.48129658e-22  7.83283348e-07 
   101000  1.36487281e-08  1.20191644e-19  1.72569157e-20 -8.05263571e-08 -8.42679929e-21  6.34128078e-07  2.44588313e-04 -9.24917938e-26 -1.49941935e-25  2.44595879e-04 -7.52196280e-22  2.47308227e-04  3.82590109e-34  1.03125955e-25  2.56028464e-22  5.93075543e-11  4.18266478e-22  7.83286175e-07 
   102000  1.37277621e-08  5.57585160e-20  2.61378847e-21 -8.01052834e-08 -1.28372633e-20  6.34448218e-07  2.44588922e-04 -2.07717745e-26  1.29440438e-24  2.44596489e-04 -6.19936397e-22  2.47308835e-04  3.80498535e-34 -5.28318507e-25 -2.03186636e-22  5.93115628e-11  1.05346712e-21  7.83289027e-07 
   103000  1.38068098e-08 -6.81494079e-20  1.14539396e-20 -7.96827686e-08 -1.35491869e-20  6.34768636e-07  2.44589535e-04 -7.98788319e-26 -1.14703251e-24  2.44597101e-04 -5.13222154e-22  2.47309446e-04  3.89357406e-34  5.16773439e-25 -8.89730177e-24  5.93132953e-11  9.33329122e-22  7.83291929e-07 
   104000  1.38858744e-08  3.96521902e-20 -9.52427622e-21 -7.92673040e-08 -1.10724147e-19  6.35089016e-07  2.44590150e-04 -7.35376681e-27 -1.03815339e-24  2.44597717e-04 -7.55438432e-22  2.47310062e-04  3.85037378e-34  1.59584287e-24  9.17668581e-23  5.93126558e-11  1.65113815e-21  7.83294843e-07 
   105000  1.39653506e-08  6.66016273e-20  2.27367251e-20 -7.88579367e-08  6.44221118e-20  6.35411072e-07  2.44590770e-04 -4.04516020e-26 -1.09705351e-24  2.44598337e-04 -3.46463830e-22  2.47310680e-04  3.86381195e-34  7.42821637e-25  1.43926452e-22  5.93092849e-11  1.19023949e-21  7.83297769e-07 
   106000  1.40447736e-08  9.29344822e-21  5.23994074e-20 -7.84465169e-08  3.27334937e-20  6.35733021e-07  2.44591392e-04  1.18197416e-26 -1.40534110e-24  2.44598960e-04 -2.43666813e-22  2.47311300e-04  3.79419238e-34  3.34534608e-25  5.59195647e-23  5.93033092e-11  9.82942969e-22  7.83300703e-07 
   107000  1.41243950e-08 -5.54494700e-20  9.30395248e-20 -7.80461178e-08 -3.80350313e-20  6.36055539e-07  2.44592018e-04  1.03988661e-25  1.52185863e-24  2.44599585e-04  2.07570716e-22  2.47311925e-04  3.86686934e-34 -3.18667357e-25 -2.35505654e-22  5.92940098e-11 -1.24535146e-22  7.83303649e-07 
   108000  1.42040407e-08 -4.52270764e-20  2.82695203e-20 -7.76446607e-08  1.27821551e-19  6.36378356e-07  2.44592645e-04 -2.35463754e-26 -1.14767135e-24  2.44600214e-04  5.63640597e-22  2.47312551e-04  3.74594996e-34 -4.16732850e-25  9.36411259e-23  5.92810836e-11  1.85991504e-22  7.83306640e-07 
   109000  1.42835982e-08  5.42097885e-20 -2.32099937e-20 -7.72489973e-08  1.17250183e-19  6.36700688e-07  2.44593276e-04  7.50780606e-26  9.52211547e-25  2.44600844e-04  6.07575952e-22  2.47313182e-04  3.72905342e-34 -3.73510200e-25  2.67283651e-23  5.92638932e-11  5.16840788e-23  7.83309657e-07 
   110000  1.43635644e-08  1.48696321e-20 -9.76896480e-21 -7.68613837e-08  1.21003377e-19  6.37024667e-07  2.44593911e-04 -3.69853149e-26 -1.28314214e-24  2.44601479e-04  2.22204343e-22  2.47313816e-04  3.86435177e-34  6.69402439e-25  1.67697574e-22  5.92413044e-11  3.98745927e-23  7.83312706e-07 
   111000  1.44435783e-08  2.81895876e-20 -1.67477628e-20 -7.64719615e-08 -5.84646908e-20  6.37348921e-07  2.44594547e-04  5.60599493e-26 -9.41179518e-26  2.44602116e-04  1.31697383e-22  2.47314451e-04  3.73131944e-34  3.86339746e-25 -2.34174597e-23  5.92127602e-11  1.05498381e-21  7.83315761e-07 
   112000  1.45239019e-08 -3.99640079e-20 -3.47123575e-22 -7.60941568e-08 -6.78811196e-21  6.37674120e-07  2.44595187e-04  4.33438213e-26  8.98649666e-25  2.44602757e-04  2.59188767e-22  2.47315090e-04  3.82672644e-34 -3.98249175e-24 -4.35767802e-23  5.91768917e-11 -4.02704127e-22  7.83318818e-07 
   113000  1.46043299e-08 -3.56248331e-20  2.15005059e-20 -7.57159693e-08 -1.54006535e-20  6.37999884e-07  2.44595829e-04 -6.55078847e-26 -4.89018114e-25  2.44603399e-04  1.83437930e-22  2.47315731e-04  3.84004742e-34 -1.22203522e-24  1.47273543e-22  5.91329153e-11 -3.92395091e-23  7.83321913e-07 
   114000  1.46846544e-08 -1.01606124e-19  3.97405685e-20 -7.53430541e-08  7.26863299e-21  6.38325031e-07  2.44596473e-04 -1.00492738e-26  1.84152046e-24  2.44604043e-04  6.37414374e-22  2.47316374e-04  3.74143336e-34 -1.04103238e-24  1.04703941e-22  5.90801053e-11  5.87310961e-22  7.83325033e-07 
   115000  1.47652974e-08 -3.34551625e-20  2.72926383e-20 -7.49783062e-08 -1.45611833e-20  6.38651384e-07  2.44597120e-04  2.33661635e-26 -1.32297498e-24  2.44604690e-04  3.93193262e-22  2.47317021e-04  3.75689031e-34  2.55257961e-25  3.81476699e-23  5.90176139e-11  1.23538864e-21  7.83328203e-07 
   116000  1.48459908e-08  4.86331479e-20 -1.60132398e-20 -7.46127490e-08 -6.91563327e-21  6.38977973e-07  2.44597769e-04  3.20228662e-26 -6.06702276e-25  2.44605339e-04  2.22428386e-22  2.47317670e-04  3.80450125e-34 -1.24116876e-24 -6.12076932e-22  5.89456514e-11  6.16084113e-22  7.83331399e-07 
   117000  1.49271127e-08 -2.57118999e-20  3.40816833e-21 -7.42595801e-08  9.45174949e-20  6.39305858e-07  2.44598421e-04 -5.95721160e-26 -8.71929149e-25  2.44605992e-04 -1.12498889e-22  2.47318321e-04  3.77782381e-34 -9.56402551e-25  3.62189142e-22  5.88643819e-11  3.30364482e-22  7.83334594e-07 
   118000  1.50084808e-08 -4.33701134e-20 -5.11237761e-21 -7.39066014e-08 -4.19337526e-20  6.39634750e-07  2.44599076e-04 -2.71100773e-26 -2.13947856e-25  2.44606646e-04  9.70400642e-23  2.47318974e-04  3.81591783e-34 -2.36430379e-24 -1.82028957e-22  5.87751795e-11  6.16527692e-22  7.83337812e-07 
   119000  1.50898140e-08  2.91203774e-20 -2.32711504e-20 -7.35586091e-08  5.35492023e-20  6.39963138e-07  2.44599731e-04  1.91028337e-26 -1.69758446e-24  2.44607302e-04  1.68848833e-23  2.47319629e-04  3.84362640e-34  2.10559687e-24 -4.46211164e-23  5.86800186e-11  7.87829714e-22  7.83341041e-07 
   120000  1.51714916e-08  1.98267750e-20 -5.08614400e-20 -7.32193439e-08 -1.65623932e-20  6.40292636e-07  2.44600389e-04  2.81125599e-26 -1.85185679e-24  2.44607960e-04  1.10392580e-22  2.47320286e-04  3.85025724e-34  1.59119141e-24 -6.86278506e-23  5.85806192e-11 -1.94661998e-23  7.83344311e-07 
   121000  1.52531091e-08 -2.60192162e-20  1.37874645e-20 -7.28786474e-08  6.25040359e-21  6.40621734e-07  2.44601049e-04 -5.14510715e-26 -3.92889389e-25  2.44608620e-04  5.79813567e-22  2.47320946e-04  3.68442790e-34  1.90863050e-24 -1.77657306e-22  5.84789459e-11 -3.34047816e-22  7.83347616e-07 
   122000  1.53352035e-08 -1.25458998e-19  3.22890217e-20 -7.25518517e-08  1.57162476e-19  6.40952074e-07  2.44601711e-04  7.31117496e-26  1.58162220e-25  2.44609282e-04  8.71814490e-22  2.47321608e-04  3.86430478e-34 -1.53790436e-24  4.46250712e-22  5.83755455e-11  1.10861722e-21  7.83350928e-07 
   123000  1.54177074e-08  5.17336344e-20  2.74952864e-20 -7.22261486e-08  5.60036883e-20  6.41283790e-07  2.44602375e-04  2.25908764e-26 -8.40599824e-25  2.44609947e-04  3.78945689e-22  2.47322271e-04  3.78661604e-34  1.98584907e-24 -8.68303265e-23  5.82708374e-11 -2.23230034e-22  7.83354251e-07 
   124000  1.55003283e-08 -1.85865218e-20 -4.17788642e-20 -7.19053133e-08 -8.36419196e-21  6.41615262e-07  2.44603041e-04 -8.94487183e-26 -3.41228769e-24  2.44610612e-04  3.04642669e-22  2.47322936e-04  3.79045226e-34 -2.32009288e-25  4.70895404e-23  5.81650886e-11  5.91453079e-22  7.83357569e-07 
   125000  1.55834282e-08 -1.34440989e-19  1.07377860e-21 -7.15941181e-08  5.60569745e-20  6.41947960e-07  2.44603709e-04  4.63814222e-26  2.13751140e-24  2.44611280e-04  2.53708250e-22  2.47323603e-04  3.88861579e-34  9.32843799e-26  1.68539523e-22  5.80582200e-11  4.37154748e-22  7.83360912e-07 
   126000  1.56665155e-08 -4.83252786e-20 -2.71272734e-20 -7.12812234e-08 -1.79405486e-20  6.42279981e-07  2.44604377e-04  2.18871225e-27 -8.48911099e-25  2.44611948e-04  6.14939442e-23  2.47324271e-04  3.82371150e-34 -9.78764701e-25  1.54778143e-22  5.79508228e-11 -4.04710767e-23  7.83364288e-07 
   127000  1.57500099e-08 -9.69605035e-20  1.49014016e-20 -7.09823051e-08  8.45492343e-20  6.42612396e-07  2.44605047e-04 -7.67111262e-26 -1.32497264e-24  2.44612619e-04 -6.81900739e-23  2.47324942e-04  3.71463331e-34 -2.16070132e-24  3.77338166e-23  5.78426158e-11 -2.59861066e-22  7.83367689e-07 
   128000  1.58340652e-08 -3.40742390e-20 -5.60866435e-21 -7.06862147e-08 -1.62320882e-20  6.42946163e-07  2.44605720e-04 -6.86400405e-26  4.46721683e-25  2.44613292e-04 -1.54977572e-22  2.47325614e-04  3.76689297e-34  8.00839960e-25 -3.82287055e-23  5.77335328e-11  8.81129403e-22  7.83371117e-07 
   129000  1.59184601e-08 -1.92038041e-20 -9.68759265e-20 -7.03951217e-08  2.80552438e-20  6.43279791e-07  2.44606393e-04  3.27736820e-26 -6.71569923e-25  2.44613965e-04  1.28824496e-22  2.47326287e-04  3.75300803e-34  2.40683805e-24  9.65124150e-23  5.76238300e-11 -3.24934873e-23  7.83374537e-07 
   130000  1.60036226e-08 -6.93887626e-20 -2.10555068e-20 -7.01148190e-08 -1.16450253e-19  6.43614826e-07  2.44607069e-04 -3.30123123e-26  9.84445981e-25  2.44614641e-04  3.31329736e-22  2.47326962e-04  3.76394879e-34  2.05809639e-25  1.04912706e-23  5.75135824e-11 -3.56297204e-22  7.83377973e-07 
   131000  1.60890123e-08 -1.85864935e-21 -3.63180836e-21 -6.98331804e-08  4.53818069e-21  6.43948974e-07  2.44607745e-04  1.79066630e-26 -1.36358593e-24  2.44615317e-04  2.45929144e-22  2.47327637e-04  3.65918518e-34 -1.98994868e-26  9.96989363e-23  5.74037043e-11  2.93938719e-22  7.83381435e-07 
   132000  1.61750167e-08  4.05771752e-20 -1.17906947e-20 -6.95659205e-08 -5.83723176e-20  6.44282835e-07  2.44608423e-04  2.06545399e-26  3.89689148e-25  2.44615995e-04  6.19332115e-22  2.47328315e-04  3.84890088e-34 -3.45715984e-24 -2.25829803e-23  5.72944250e-11 -5.75730839e-22  7.83384926e-07 
   133000  1.62617364e-08  8.23985562e-20 -2.06963567e-20 -6.93023693e-08  5.08158762e-20  6.44616768e-07  2.44609101e-04  8.23693822e-26  5.12789630e-25  2.44616673e-04  7.60090614e-22  2.47328994e-04  3.78855834e-34 -9.43753372e-25  6.80989803e-23  5.71861189e-11  1.03352378e-22  7.83388470e-07 
   134000  1.63492517e-08  4.46055785e-20  4.53775039e-21 -6.90453450e-08 -1.88367019e-20  6.44949869e-07  2.44609781e-04 -1.56076249e-26 -1.03758731e-24  2.44617353e-04  1.02135562e-21  2.47329674e-04  3.73955699e-34 -1.86269958e-24 -1.26968738e-22  5.70796031e-11 -2.50652914e-22  7.83392026e-07 
   135000  1.64382208e-08 -4.02684784e-20  5.65092538e-21 -6.88012785e-08 -5.48746766e-20  6.45283721e-07  2.44610463e-04  2.74549269e-26 -3.59375625e-25  2.44618035e-04  7.37526082e-22  2.47330355e-04  3.78564191e-34  2.20267117e-24  4.48933968e-22  5.69756352e-11 -8.66752352e-22  7.83395603e-07 
   136000  1.65282875e-08 -7.27975510e-20  2.29640494e-20 -6.85575058e-08 -2.48438041e-20  6.45615632e-07  2.44611145e-04 -6.79693844e-26 -1.28058990e-24  2.44618718e-04  1.09988906e-21  2.47331037e-04  3.72098325e-34 -1.30597880e-24 -3.13663373e-22  5.68759525e-11 -3.00566202e-22  7.83399208e-07 
   137000  1.66200149e-08 -3.65537596e-20  1.14780248e-20 -6.83304730e-08  6.09228258e-20  6.45945377e-07  2.44611828e-04 -5.43108732e-27  6.29212008e-25  2.44619401e-04  1.05275637e-21  2.47331720e-04  3.72507843e-34 -7.67404872e-25 -3.42198596e-22  5.67819286e-11  4.80024340e-24  7.83402848e-07 
   138000  1.67137471e-08 -1.48695723e-20 -5.85668283e-21 -6.81099669e-08  1.56881600e-19  6.46272433e-07  2.44612513e-04  8.61124575e-26  3.77932110e-24  2.44620085e-04  1.11273623e-21  2.47332403e-04  3.75078482e-34 -5.99628973e-25  3.38171184e-23  5.66952880e-11  8.71580173e-22  7.83406566e-07 
   139000  1.68097878e-08 -5.51390565e-20  4.73362051e-20 -6.78989585e-08 -6.51086937e-20  6.46594405e-07  2.44613197e-04  4.69267232e-26  1.26606704e-24  2.44620769e-04  1.07015448e-21  2.47333089e-04  3.67610974e-34  4.29627564e-25 -4.30138950e-22  5.66185896e-11  6.95353550e-22  7.83410348e-07 
   140000  1.69096040e-08 -5.26620383e-20 -3.44025288e-20 -6.77071677e-08 -6.94003967e-20  6.46913015e-07  2.44613883e-04  9.06120710e-27  1.59565046e-24  2.44621456e-04  1.09328577e-21  2.47333775e-04  3.81686282e-34 -9.21608199e-25  3.40597532e-22  5.65547617e-11  7.93199999e-22  7.83414201e-07 
   141000  1.70135499e-08  3.93408899e-20 -8.67790726e-21 -6.75219056e-08 -2.29843210e-20  6.47224286e-07  2.44614570e-04  5.29851442e-26  8.51446118e-25  2.44622142e-04  1.22887584e-21  2.47334461e-04  3.83435535e-34 -1.87030081e-25 -5.00486082e-24  5.65083648e-11  7.34014635e-22  7.83418129e-07 
   142000  1.71231412e-08 -7.40359715e-20  1.60185456e-20 -6.73616705e-08 -9.48349180e-22  6.47526126e-07  2.44615258e-04  7.08307887e-26  1.61519581e-24  2.44622830e-04  7.30845890e-22  2.47335149e-04  3.74007285e-34 -5.27008243e-25 -1.04534506e-22  5.64844180e-11  4.29852036e-22  7.83422147e-07 
   143000  1.72399647e-08 -9.29375363e-21 -2.58996347e-20 -6.72191364e-08 -2.61556716e-21  6.47815185e-07  2.44615946e-04 -1.98707469e-26  5.76864534e-25  2.44623518e-04  6.24457340e-22  2.47335836e-04  3.88905242e-34 -6.90843981e-25  1.41420372e-22  5.64890136e-11  5.92502064e-22  7.83426322e-07 
   144000  1.73660179e-08 -4.89442842e-20  5.75046510e-20 -6.70994880e-08  1.10965854e-20  6.48084964e-07  2.44616634e-04  3.61429366e-26  7.94658994e-25  2.44624206e-04  1.99729475e-22  2.47336525e-04  3.84582393e-34 -3.50485137e-25 -1.31775223e-22  5.65299792e-11 -4.53794967e-22  7.83430682e-07 
   145000  1.75051695e-08 -7.12426806e-21 -2.80626284e-20 -6.70190616e-08 -8.66885912e-21  6.48331702e-07  2.44617323e-04  6.78126815e-26  9.24009323e-25  2.44624895e-04  4.27190909e-22  2.47337214e-04  3.71322913e-34  5.70588168e-25 -2.13667937e-22  5.66159914e-11 -2.48306352e-22  7.83435295e-07 
   146000  1.76614670e-08 -6.19564238e-20  3.24396317e-20 -6.69724886e-08  7.60929842e-20  6.48545741e-07  2.44618013e-04  2.66317794e-26  1.16623246e-24  2.44625585e-04  6.08240222e-22  2.47337904e-04  3.79966431e-34 -2.34958978e-24 -1.00839008e-22  5.67571982e-11  1.40397122e-22  7.83440205e-07 
   147000  1.78408149e-08 -9.88177063e-20 -8.99944456e-21 -6.69865062e-08 -2.03812072e-20  6.48716363e-07  2.44618703e-04 -1.10424112e-26  1.23035196e-24  2.44626276e-04  1.31887342e-21  2.47338595e-04  3.80035570e-34 -4.93048051e-25 -3.80131716e-22  5.69627616e-11  8.07828997e-22  7.83445471e-07 
   148000  1.80497972e-08  5.04924574e-20 -1.39510312e-20 -6.70640925e-08 -1.13817109e-19  6.48830466e-07  2.44619395e-04 -9.69397537e-26 -1.50255696e-24  2.44626967e-04  7.86405980e-22  2.47339285e-04  3.84321821e-34 -4.51068436e-25 -1.31704284e-23  5.72391709e-11  1.28914356e-22  7.83451224e-07 
   149000  1.82948041e-08 -1.06560061e-19  2.88403842e-20 -6.72185577e-08 -1.58297462e-19  6.48872104e-07  2.44620085e-04 -3.40983898e-26  3.74500968e-25  2.44627657e-04  8.99426333e-22  2.47339976e-04  3.71995956e-34  1.77806610e-24  3.68475238e-23  5.75888665e-11  9.38820621e-23  7.83457549e-07 
   150000  1.85816601e-08 -4.02701934e-20 -1.57773397e-20 -6.74708680e-08  1.78089433e-20  6.48833194e-07  2.44620777e-04 -2.46401475e-26  4.78640073e-25  2.44628349e-04  1.35343784e-21  2.47340668e-04  3.79726000e-34  2.01797376e-25  2.45405915e-23  5.80074330e-11 -3.95973188e-22  7.83464540e-07 
   151000  1.89107775e-08  3.12879877e-20 -2.72193807e-20 -6.78089444e-08 -3.92865036e-20  6.48710304e-07  2.44621468e-04  1.45957976e-26  3.66502298e-25  2.44629040e-04  1.58549106e-21  2.47341359e-04  3.72337563e-34  1.17914557e-24  4.73195505e-23  5.84827413e-11 -1.59623907e-22  7.83472193e-07 
   152000  1.92761777e-08 -7.93009575e-20  1.16951460e-20 -6.82364023e-08 -1.24435152e-19  6.48518241e-07  2.44622160e-04 -6.05311432e-26  9.67257936e-25  2.44629732e-04  1.47942316e-21  2.47342052e-04  3.80824403e-34  8.01645505e-25 -8.88905087e-23  5.89923745e-11 -5.50256396e-23  7.83480358e-07 
   153000  1.96619655e-08 -4.36771696e-20  1.94123817e-20 -6.87111904e-08 -3.52716179e-20  6.48288710e-07  2.44622854e-04  7.42904437e-26  1.70408946e-24  2.44630426e-04  1.09499922e-21  2.47342745e-04  3.83135345e-34  8.04187592e-25  2.40933700e-22  5.95036464e-11 -7.43782339e-22  7.83488810e-07 
   154000  2.00440647e-08 -6.93910243e-20  7.24312123e-20 -6.91850595e-08 -2.20833086e-20  6.48066202e-07  2.44623546e-04 -6.40540164e-28  2.59445720e-25  2.44631118e-04  6.22305653e-22  2.47343437e-04  3.81873007e-34 -2.43277193e-24 -6.46884212e-23  5.99772415e-11  7.93249837e-22  7.83497179e-07 
   155000  2.03971252e-08  1.28865030e-19  3.17499711e-20 -6.96180053e-08  1.81264420e-20  6.47904208e-07  2.44624239e-04  3.39766440e-26  7.96486964e-25  2.44631811e-04  5.22052085e-22  2.47344130e-04  3.82368764e-34 -1.66640007e-25 -1.82641588e-22  6.03736348e-11 -7.88827541e-22  7.83505106e-07 
   156000  2.06995796e-08 -1.24836988e-19 -1.63876523e-20 -6.99534588e-08  4.67498155e-20  6.47842232e-07  2.44624932e-04 -3.46844411e-27  9.05800699e-25  2.44632504e-04  5.68173465e-22  2.47344823e-04  3.79496879e-34  1.33913501e-24  3.53107020e-23  6.06638832e-11  1.13633697e-22  7.83512289e-07 
   157000  2.09416898e-08  1.48707609e-20  5.11095781e-20 -7.01892113e-08 -9.80508954e-20  6.47901757e-07  2.44625625e-04  1.91631316e-26  2.88511473e-25  2.44633197e-04  7.08547344e-22  2.47345517e-04  3.79298070e-34  1.98633290e-24 -3.27841543e-24  6.08373323e-11 -5.91550033e-22  7.83518560e-07 
   158000  2.11263456e-08 -9.78880447e-20  1.65618274e-20 -7.03218912e-08 -1.09028140e-19  6.48079329e-07  2.44626319e-04  4.83558885e-26  5.72646607e-25  2.44633891e-04  2.24673105e-22  2.47346211e-04  3.76998350e-34 -8.99465775e-26 -1.93507175e-22  6.09053683e-11  4.21080247e-22  7.83523961e-07 
   159000  2.12646836e-08  3.46945674e-20  1.68604320e-20 -7.03726985e-08  5.35021807e-20  6.48349332e-07  2.44627013e-04  3.44527748e-26  9.69061762e-25  2.44634585e-04  1.12307870e-22  2.47346906e-04  3.78297486e-34  1.14199815e-25  1.54864889e-22  6.08959186e-11 -4.19844187e-22  7.83528642e-07 
   160000  2.13718345e-08  1.70372705e-20  3.72442344e-20 -7.03841532e-08 -3.17824345e-20  6.48685047e-07  2.44627709e-04 -2.68225449e-26  6.78952089e-25  2.44635281e-04  4.14881418e-22  2.47347601e-04  3.73077223e-34 -2.24264304e-25  8.35199540e-23  6.08406871e-11 -1.93994380e-22  7.83532853e-07 
   161000  2.14601338e-08 -9.91261515e-20  2.30101906e-20 -7.03680275e-08 -5.70759854e-20  6.49057923e-07  2.44628404e-04 -4.59525818e-26  4.61321992e-25  2.44635976e-04  4.99343987e-23  2.47348296e-04  3.76521981e-34  1.05503290e-24  1.01568826e-22  6.07672801e-11  3.35856752e-23  7.83536805e-07 
   162000  2.15393624e-08  1.10588453e-19  4.71670599e-20 -7.03616614e-08  7.82769112e-20  6.49450088e-07  2.44629100e-04 -1.03526232e-25  1.14102805e-24  2.44636671e-04  6.64539332e-23  2.47348992e-04  3.73243333e-34 -1.97109777e-25  9.53264273e-23  6.06942429e-11 -9.71477366e-22  7.83540642e-07 
   163000  2.16157732e-08 -4.46050481e-20 -6.42949201e-22 -7.03718544e-08 -7.52722320e-20  6.49850762e-07  2.44629798e-04  8.55005245e-26  1.22361784e-24  2.44637369e-04  2.29255197e-22  2.47349690e-04  3.76455191e-34  2.48146991e-24 -2.73059533e-23  6.06318052e-11  6.40492258e-24  7.83544478e-07 
   164000  2.16926937e-08 -4.83246991e-20  4.69808651e-20 -7.04049262e-08  3.72074978e-21  6.50252134e-07  2.44630497e-04 -2.86839269e-27 -1.35616672e-24  2.44638068e-04 -2.15147635e-22  2.47350390e-04  3.70559363e-34 -3.02686457e-25 -1.21900815e-22  6.05851044e-11 -5.30316362e-22  7.83548322e-07 
   165000  2.17725515e-08 -1.79661812e-20  2.24581441e-21 -7.04803862e-08 -7.50018369e-20  6.50653077e-07  2.44631200e-04  1.99804383e-26  2.91707924e-25  2.44638771e-04  5.22969275e-23  2.47351092e-04  3.80131361e-34  6.97320245e-25 -2.71088982e-22  6.05555736e-11 -5.55089058e-23  7.83552219e-07 
   166000  2.18557518e-08  2.91188852e-20  1.43898060e-21 -7.05885199e-08  1.01099306e-20  6.51049220e-07  2.44631905e-04  9.85070621e-26  2.02082846e-24  2.44639476e-04 -1.68183008e-22  2.47351795e-04  3.70647662e-34  3.64604580e-25 -1.28192925e-22  6.05437724e-11  4.98600014e-22  7.83556197e-07 
   167000  2.19431163e-08  1.23903119e-20 -3.18643806e-21 -7.07527639e-08  5.67117234e-20  6.51441132e-07  2.44632614e-04 -5.80929806e-26 -1.33732845e-24  2.44640185e-04 -1.37690883e-22  2.47352504e-04  3.79594068e-34 -6.65098621e-25 -1.03503831e-22  6.05487813e-11 -2.97348392e-22  7.83560274e-07 
   168000  2.20353833e-08  4.64677098e-20  1.32809693e-20 -7.09749028e-08 -6.85913416e-20  6.51830310e-07  2.44633329e-04  6.98196570e-26  1.38143289e-24  2.44640899e-04  2.40366723e-22  2.47353218e-04  3.79913274e-34  2.21948706e-24 -4.07167700e-22  6.05691003e-11 -9.46142479e-23  7.83564508e-07 
   169000  2.21330816e-08 -9.94366471e-20 -2.92334748e-20 -7.12647576e-08  1.60338673e-20  6.52217742e-07  2.44634051e-04 -5.70157547e-26 -2.56806554e-24  2.44641621e-04  4.39932763e-22  2.47353941e-04  3.79448867e-34  2.10852248e-25 -1.34052575e-22  6.06035621e-11  4.51254180e-22  7.83568906e-07 
   170000  2.22383959e-08 -2.26146106e-20  4.47510728e-20 -7.16540598e-08  2.17455668e-20  6.52611737e-07  2.44634784e-04  5.57813305e-26 -7.10400335e-25  2.44642355e-04  4.88585172e-22  2.47354676e-04  3.84963084e-34 -1.45951310e-24 -1.93520119e-22  6.06508905e-11  2.97972941e-22  7.83573514e-07 
   171000  2.23527167e-08  1.85872348e-20 -3.25520632e-20 -7.21509123e-08 -1.12980985e-19  6.53016381e-07  2.44635530e-04 -7.15881756e-27 -6.53341518e-25  2.44643101e-04  4.16024217e-22  2.47355424e-04  3.78067930e-34  1.06382474e-24 -3.91731740e-22  6.07109285e-11 -1.29761786e-22  7.83578406e-07 
   172000  2.24794791e-08 -2.04452655e-20 -5.35643422e-20 -7.28085138e-08  4.18904997e-20  6.53444033e-07  2.44636293e-04 -1.52882931e-26 -4.51768458e-25  2.44643865e-04  3.25880651e-22  2.47356195e-04  3.76797422e-34 -3.62003145e-25 -3.30808006e-22  6.07830698e-11 -5.75033334e-24  7.83583697e-07 
   173000  2.26236229e-08  4.15115090e-20  4.20814088e-21 -7.36706306e-08  9.84578556e-20  6.53911885e-07  2.44637078e-04 -2.75470658e-26  2.79231928e-24  2.44644652e-04  6.40680474e-22  2.47356994e-04  3.74260020e-34  2.39682122e-24 -1.50112440e-22  6.08665710e-11  3.42999723e-22  7.83589591e-07 
   174000  2.27920822e-08  9.66488959e-20 -6.07621970e-21 -7.48040743e-08 -1.50085428e-19  6.54444297e-07  2.44637890e-04  5.79427889e-27  1.81745667e-24  2.44645468e-04  6.62697899e-22  2.47357836e-04  3.81858470e-34  1.93047765e-26  1.39091501e-22  6.09612698e-11 -1.16064174e-22  7.83596312e-07 
   175000  2.29963257e-08 -5.63799110e-20 -6.12855909e-21 -7.63253778e-08  5.98972290e-20  6.55084291e-07  2.44638737e-04 -4.61295753e-26 -1.02767493e-24  2.44646323e-04  8.18492105e-22  2.47358737e-04  3.85556601e-34 -1.63106973e-24 -2.83371849e-22  6.10668755e-11 -5.29232791e-23  7.83604205e-07 
   176000  2.32514212e-08  6.20149603e-22  2.93784335e-21 -7.83617746e-08 -4.65969652e-20  6.55889565e-07  2.44639624e-04 -4.11290588e-26 -1.26149670e-24  2.44647224e-04  1.06079870e-21  2.47359720e-04  3.81704723e-34  7.06422232e-25 -1.86523330e-22  6.11844041e-11  9.42709665e-24  7.83613727e-07 
